tweet_id,favorites_count,retweets_count
892420643555336193,36241,7712
892177421306343426,31250,5699
891815181378084864,23531,3778
891689557279858688,39518,7868
891327558926688256,37726,8484
891087950875897856,19005,2841
890971913173991426,11072,1851
890729181411237888,61040,17210
890609185150312448,26173,3916
890240255349198849,29896,6701
890006608113172480,28781,6683
889880896479866881,26189,4553
889665388333682689,45084,9131
889638837579907072,25368,4094
889531135344209921,14199,2058
889278841981685760,23634,4861
888917238123831296,27309,4105
888804989199671297,23995,3870
888554962724278272,18542,3178
888078434458587136,20434,3162
887705289381826560,28380,4913
887517139158093824,43521,10744
887473957103951883,64502,16427
887343217045368832,31591,9556
887101392804085760,28735,5444
886983233522544640,32789,7004
886736880519319552,11247,2934
886680336477933568,21083,4082
886366144734445568,19848,2892
886267009285017600,111,4
886258384151887873,26268,5767
886054160059072513,0,100
885984800019947520,30571,6128
885528943205470208,33739,5832
885518971528720385,19235,3406
885311592912609280,0,16907
885167619883638784,20549,3993
884925521741709313,72314,16517
884876753390489601,26127,5098
884562892145688576,22796,4293
884441805382717440,25421,5200
884247878851493888,68110,18544
884162670584377345,19147,2734
883838122936631299,20513,3137
883482846933004288,43015,9021
883360690899218434,21277,3379
883117836046086144,34815,6061
882992080364220416,22419,3556
882762694511734784,26542,4469
882627270321602560,26277,5552
882268110199369728,42078,10566
882045870035918850,27510,4465
881906580714921986,22833,3105
881666595344535552,47532,9752
881633300179243008,118,7
881536004380872706,46431,14583
881268444196462592,21816,4815
880935762899988482,16035,2549
880872448815771648,19979,3497
880465832366813184,26751,5681
880221127280381952,25315,3805
880095782870896641,25932,3967
879862464715927552,21008,3200
879674319642796034,297,10
879492040517615616,22055,2912
879415818425184262,99337,40594
879376492567855104,15782,2861
879130579576475649,0,6225
879050749262655488,21156,4292
879008229531029506,17848,2456
878776093423087618,18190,3742
878604707211726852,28320,6501
878404777348136964,0,1177
878316110768087041,0,6100
878281511006478336,7273,1177
878057613040115712,39577,6225
877736472329191424,74495,17351
877611172832227328,0,73
877556246731214848,21345,3493
877316821321428993,25751,4769
877201837425926144,25477,5120
876838120628539392,19470,3054
876537666061221889,22228,4301
876484053909872640,17661,2173
876120275196170240,26327,4284
875747767867523072,23674,3910
875144289856114688,20628,4511
875097192612077568,25842,5578
875021211251597312,24006,4337
874680097055178752,26183,4251
874434818259525634,0,13356
874296783580663808,24553,3773
874057562936811520,21407,3657
874012996292530176,32319,9426
873580283840344065,22842,3620
873337748698140672,0,1472
873213775632977920,6757,1472
872967104147763200,25740,4990
872820683541237760,13918,3431
872620804844003328,19557,3359
872486979161796608,38499,8339
872122724285648897,32445,7472
871879754684805121,35536,10148
871762521631449091,19125,3227
871515927908634625,19098,3217
871166179821445120,0,5288
871102520638267392,19810,5106
871032628920680449,21527,3543
870804317367881728,31849,5730
870726314365509632,115,3
870656317836468226,11707,2452
870374049280663552,78649,24563
870308999962521604,20781,3854
870063196459192321,34633,7716
869772420881756160,40347,9396
869702957897576449,26808,5862
869596645499047938,15148,2906
869227993411051520,19393,3517
868880397819494401,62138,13438
868639477480148993,0,1938
868622495443632128,25371,4938
868552278524837888,9589,1938
867900495410671616,23024,3900
867774946302451713,32338,6864
867421006826221569,15315,2326
867072653475098625,0,111
867051520902168576,30693,7366
866720684873056260,19100,4485
866686824827068416,18394,3272
866450705531457537,116491,32983
866334964761202691,49991,13356
866094527597207552,0,7852
865718153858494464,24491,5270
865359393868664832,25270,4700
865006731092295680,26753,7226
864873206498414592,30840,8158
864279568663928832,13938,2841
864197398364647424,28672,8331
863907417377173506,19693,3895
863553081350529029,14610,3940
863471782782697472,0,2288
863432100342583297,22762,4947
863427515083354112,2110,90
863079547188785154,8408,1047
863062471531167744,8104,2288
862831371563274240,18390,4858
862722525377298433,16383,3340
862457590147678208,19603,4657
862096992088072192,71133,21863
861383897657036800,34608,10125
861288531465048066,16484,3914
861005113778896900,16042,3610
860981674716409858,0,2034
860924035999428608,0,759
860563773140209665,7199,2034
860524505164394496,22707,5039
860276583193509888,17671,3326
860184849394610176,16055,5548
860177593139703809,0,29349
859924526012018688,18842,3902
859851578198683649,14850,3335
859607811541651456,17935,1487
859196978902773760,86476,28665
859074603037188101,32590,12972
858860390427611136,0,7725
858843525470990336,15032,3320
858471635011153920,20759,4631
858107933456039936,15211,2772
857989990357356544,15554,2479
857746408056729600,33116,10155
857393404942143489,5697,1572
857263160327368704,19405,4323
857214891891077121,219,17
857062103051644929,0,162
857029823797047296,18256,3817
856543823941562368,15825,2771
856526610513747968,11516,1801
856330835276025856,0,646
856288084350160898,499,15
856282028240666624,26909,6041
855862651834028034,328,25
855860136149123072,4783,939
855857698524602368,11533,2032
855851453814013952,44446,17361
855818117272018944,25920,5226
855459453768019968,29024,7925
855245323840757760,0,5753
855138241867124737,0,43
854732716440526848,22159,5859
854482394044301312,28581,6650
854365224396361728,18426,4540
854120357044912130,31239,7235
854010172552949760,15855,3055
853760880890318849,27924,5572
853639147608842240,33909,9752
853299958564483072,15162,3458
852936405516943360,0,1940
852912242202992640,8851,1765
852672615818899456,14614,2102
852553447878664193,15985,3383
852311364735569921,32535,9695
852226086759018497,19621,6682
852189679701164033,11251,1552
851861385021730816,0,19
851591660324737024,15991,3400
851464819735769094,23849,6900
851224888060895234,20343,5609
850753642995093505,30313,8939
850380195714523136,12895,2554
850333567704068097,3404,322
850145622816686080,16088,3716
850019790995546112,20112,4779
849776966551130114,30013,7446
849668094696017920,0,4864
849412302885593088,15652,3101
849336543269576704,11271,1867
849051919805034497,41796,8335
848690551926992896,24879,4246
848324959059550208,24414,4536
848213670039564288,8080,720
848212111729840128,16134,2993
847978865427394560,0,3210
847971574464610304,0,425
847962785489326080,23249,5002
847842811428974592,5386,1314
847617282490613760,6920,409
847606175596138505,18570,3380
847251039262605312,20295,4257
847157206088847362,19695,5763
847116187444137987,21269,3136
846874817362120707,19919,3880
846514051647705089,44238,11411
846505985330044928,13991,3031
846153765933735936,31365,8930
846139713627017216,30796,9895
846042936437604353,15859,2834
845812042753855489,28997,8604
845677943972139009,24998,4740
845397057150107648,7584,1785
845306882940190720,23168,5335
845098359547420673,0,7573
844979544864018432,13548,2530
844973813909606400,14979,3157
844580511645339650,16373,3099
844223788422217728,13573,2179
843981021012017153,15099,2919
843856843873095681,21356,4580
843604394117681152,16790,2724
843235543001513987,21421,5981
842846295480000512,15224,3615
842765311967449089,6702,1271
842535590457499648,18031,3481
842163532590374912,24354,5753
842115215311396866,13935,3014
841833993020538882,0,14990
841680585030541313,25649,7770
841439858740625411,12622,3669
841320156043304961,19759,5478
841314665196081154,15805,4627
841077006473256960,22824,5288
840761248237133825,0,1762
840728873075638272,0,16071
840698636975636481,174,2
840696689258311684,12271,969
840632337062862849,8997,1762
840370681858686976,16433,4522
840268004936019968,19234,5706
839990271299457024,13402,2271
839549326359670784,27452,7725
839290600511926273,0,143
839239871831150596,27093,6520
838952994649550848,19647,3991
838921590096166913,11160,2060
838916489579200512,0,35
838831947270979586,0,10985
838561493054533637,10944,1336
838476387338051585,22503,4769
838201503651401729,0,10054
838150277551247360,1675,332
838085839343206401,140,1
838083903487373313,17630,3135
837820167694528512,34178,7852
837482249356513284,3853,443
837471256429613056,12826,2276
837110210464448512,16101,2367
836989968035819520,12792,2294
836753516572119041,19357,4647
836677758902222849,12638,2229
836648853927522308,0,555
836397794269200385,0,27535
836380477523124226,14800,2994
836260088725786625,21358,4312
836001077879255040,19131,4271
835685285446955009,0,8145
835574547218894849,17843,3629
835536468978302976,0,1704
835309094223372289,0,20993
835297930240217089,16532,3024
835264098648616962,7772,1704
835246439529840640,2110,73
835172783151792128,26255,5782
835152434251116546,22483,3026
834931633769889797,10849,1650
834786237630337024,21423,5515
834574053763584002,13721,2551
834477809192075265,0,10690
834458053273591808,9658,1691
834209720923721728,20694,4771
834167344700198914,15888,3672
834089966724603904,10102,2146
834086379323871233,13133,2218
833863086058651648,13485,2419
833826103416520705,18123,3791
833732339549220864,0,222
833722901757046785,20897,3237
833479644947025920,14912,2058
833124694597443584,20306,4864
832998151111966721,13327,2215
832769181346996225,0,39
832757312314028032,16947,3647
832682457690300417,11943,2934
832645525019123713,2949,533
832636094638288896,15929,2803
832397543355072512,12022,2232
832369877331693569,17272,3210
832273440279240704,11411,2351
832215909146226688,0,6240
832215726631055365,0,9395
832088576586297345,62,2
832040443403784192,0,9687
832032802820481025,17984,4684
831939777352105988,24151,6174
831926988323639298,338,34
831911600680497154,27795,6551
831670449226514432,10516,1836
831650051525054464,7197,1940
831552930092285952,9031,2327
831322785565769729,9338,1564
831315979191906304,6593,1135
831309418084069378,11834,2481
831262627380748289,11999,2065
830956169170665475,8034,1510
830583320585068544,67317,16907
830173239259324417,0,5726
830097400375152640,9878,2973
829878982036299777,0,5058
829861396166877184,12322,1966
829501995190984704,31994,10690
829449946868879360,10540,2041
829141528400556032,24588,7414
829011960981237760,53518,16436
828801551087042563,0,3446
828770345708580865,25781,5924
828708714936930305,36795,11278
828650029636317184,9589,1363
828409743546925057,6404,1174
828408677031882754,7733,1304
828381636999917570,12691,2232
828376505180889089,7446,1082
828372645993398273,12653,2971
828361771580813312,2215,173
828046555563323392,11854,2898
828011680017821696,10436,2168
827933404142436356,20289,5300
827653905312006145,15637,3043
827600520311402496,7509,953
827324948884643840,16007,3084
827199976799354881,10683,2244
826958653328592898,21782,5058
826848821049180160,36717,10283
826615380357632002,0,4029
826598799820865537,5162,255
826598365270007810,10143,2368
826476773533745153,18594,4237
826240494070030336,13430,2637
826204788643753985,4928,935
826115272272650244,15818,3171
825876512159186944,10582,1896
825829644528148480,12861,2519
825535076884762624,57390,17728
825147591692263424,18512,4593
825120256414846976,0,1277
825026590719483904,6378,1277
824796380199809024,0,5560
824775126675836928,15096,3565
824663926340194305,10637,1792
824325613288833024,11961,10643
824297048279236611,15238,3918
824025158776213504,4873,605
823939628516474880,10745,2743
823719002937630720,0,11345
823699002998870016,14168,2552
823581115634085888,13181,2660
823333489516937216,705,25
823322678127919110,15908,4087
823269594223824897,0,10026
822975315408461824,17513,3500
822872901745569793,133117,43856
822859134160621569,13437,2316
822647212903690241,0,6500
822610361945911296,15000,2998
822489057087389700,18386,6500
822462944365645825,28393,14528
822244816520155136,35405,10026
822163064745328640,0,4848
821886076407029760,11472,2351
821813639212650496,0,3402
821765923262631936,8521,1678
821522889702862852,8140,1794
821421320206483457,0,5680
821407182352777218,11930,4412
821153421864615936,258,10
821149554670182400,8759,2023
821107785811234820,9728,2166
821044531881721856,12826,2316
820837357901512704,0,6841
820749716845686786,31995,10054
820690176645140481,12372,3283
820494788566847489,0,572
820446719150292993,0,2607
820314633777061888,3391,572
820078625395449857,20096,6397
820013781606658049,0,1195
819952236453363712,5410,1195
819924195358416896,13076,4945
819711362133872643,13588,3169
819588359383371776,9770,2020
819347104292290561,7321,1227
819238181065359361,2301,412
819227688460238848,23416,6841
819015337530290176,0,37436
819015331746349057,0,19258
819006400881917954,45920,19258
819004803107983360,88108,37436
818646164899774465,0,21367
818627210458333184,22753,7664
818614493328580609,9995,2610
818588835076603904,0,6260
818536468981415936,11063,2504
818307523543449600,0,8240
818259473185828864,11190,2309
818145370475810820,12493,2616
817908911860748288,4937,818
817827839487737858,52476,27535
817777686764523521,10913,2740
817536400337801217,11955,3020
817502432452313088,0,3454
817423860136083457,34409,14990
817415592588222464,5697,970
817181837579653120,0,8615
817171292965273600,8912,2060
817120970343411712,12400,2649
817056546584727552,8728,1676
816829038950027264,0,4796
816816676327063552,10191,2077
816697700272001025,9966,2236
816450570814898180,30980,8240
816336735214911488,8746,1980
816091915477250048,9079,2184
816062466425819140,0,1042
816014286006976512,0,5381
815990720817401858,5040,1042
815966073409433600,22784,8615
815745968457060357,0,4215
815736392542261248,10022,2313
815639385530101762,8365,1680
815390420867969024,10541,3879
814986499976527872,7780,1300
814638523311648768,11464,2753
814578408554463233,0,5950
814530161257443328,8812,1904
814153002265309185,29283,8856
813944609378369540,0,3246
813910438903693312,9458,1905
813812741911748608,37058,14259
813800681631023104,8472,1801
813217897535406080,18986,7442
813202720496779264,9403,1843
813187593374461952,20257,4458
813172488309972993,9442,1967
813157409116065792,7915,2260
813142292504645637,8632,2433
813130366689148928,4561,457
813127251579564032,12073,3195
813112105746448384,10506,2800
813096984823349248,10758,3693
813081950185472002,10073,2832
813066809284972545,8102,1996
813051746834595840,21380,7516
812781120811126785,7719,1948
812709060537683968,6747,1464
812503143955202048,6193,1246
812466873996607488,8115,1978
812372279581671427,13921,3738
811985624773361665,7399,1432
811744202451197953,7690,1636
811647686436880384,5723,760
811627233043480576,13016,3150
811386762094317568,21345,6516
810984652412424192,5447,1468
810896069567610880,9199,1809
810657578271330305,11189,2709
810284430598270976,35985,11552
810254108431155201,15003,3446
809920764300447744,15827,4029
809808892968534016,0,5011
809448704142938112,7074,1499
809220051211603969,20327,5726
809084759137812480,13510,3608
808838249661788160,10318,3114
808733504066486276,8061,2216
808501579447930884,11528,2666
808344865868283904,43447,21367
808134635716833280,0,6069
808106460588765185,8967,2252
808001312164028416,12775,3614
807621403335917568,14875,3712
807106840509214720,120777,56762
807059379405148160,0,7517
807010152071229440,13340,3949
806629075125202948,76294,35499
806620845233815552,0,5664
806576416489959424,4997,1991
806542213899489280,10436,2406
806242860592926720,0,11908
806219024703037440,6567,1219
805958939288408065,0,5493
805932879469572096,8452,1962
805826884734976000,6701,1874
805823200554876929,0,8224
805520635690676224,5869,1697
805487436403003392,8965,2576
805207613751304193,7985,1756
804738756058218496,13983,3909
804475857670639616,6264,2065
804413760345620481,0,3308
804026241225523202,45412,16549
803773340896923648,10267,2811
803692223237865472,0,7603
803638050916102144,11176,4235
803380650405482500,7933,1907
803321560782307329,0,5450
803276597545603072,10239,2514
802952499103731712,9210,2060
802624713319034886,0,2981
802600418706604034,7251,1505
802572683846291456,9116,2572
802323869084381190,16555,5975
802265048156610565,6905,1412
802239329049477120,9262,2685
802185808107208704,0,279
801958328846974976,7906,1751
801854953262350336,1815,243
801538201127157760,8393,2116
801285448605831168,6187,845
801167903437357056,24996,6069
801127390143516673,0,4044
801115127852503040,8245,2153
800859414831898624,696,98
800855607700029440,0,1648
800751577355128832,10770,2865
800513324630806528,13408,3059
800459316964663297,9696,2224
800443802682937345,0,4424
800388270626521089,11388,2874
800188575492947969,0,4037
800141422401830912,15606,2607
800018252395122689,28947,13486
799774291445383169,0,4808
799757965289017345,8561,2219
799422933579902976,8219,1971
799308762079035393,0,5605
799297110730567681,10098,2830
799063482566066176,8223,2519
798933969379225600,13372,4577
798925684722855936,7647,1476
798705661114773508,0,6802
798701998996647937,0,7979
798697898615730177,0,6659
798694562394996736,0,5081
798686750113755136,0,2389
798682547630837760,0,4830
798673117451325440,0,5677
798665375516884993,0,4008
798644042770751489,0,1898
798628517273620480,0,2022
798585098161549313,0,5859
798576900688019456,0,5990
798340744599797760,0,3429
798209839306514432,10646,2620
797971864723324932,11859,3182
797545162159308800,14849,4990
797236660651966464,20367,6748
797165961484890113,228,26
796904159865868288,0,9140
796865951799083009,7849,1960
796759840936919040,12091,3118
796563435802726400,0,7443
796484825502875648,7734,1805
796387464403357696,11232,4251
796177847564038144,0,14630
796149749086875649,32930,14630
796125600683540480,5069,1855
796116448414461957,9307,2474
796080075804475393,8647,2370
796031486298386433,11044,3800
795464331001561088,50712,24234
795400264262053889,10275,2947
795076730285391872,16544,5561
794983741416415232,0,3458
794926597468000259,10470,2365
794355576146903043,0,10556
794332329137291264,9782,2738
794205286408003585,9411,3396
793962221541933056,17189,5011
793845145112371200,9424,1915
793614319594401792,0,3213
793601777308463104,8151,1668
793500921481273345,10899,2433
793286476301799424,25137,9395
793271401113350145,8882,2451
793256262322548741,20395,8548
793241302385262592,10738,3375
793226087023144960,10046,2940
793210959003287553,9111,2865
793195938047070209,15613,5765
793180763617361921,7081,2049
793165685325201412,9614,2853
793150605191548928,6319,1742
793135492858580992,6567,2554
793120401413079041,12944,4014
792913359805018113,14633,4072
792883833364439040,11546,4370
792773781206999040,7505,1716
792394556390137856,13738,4397
792050063153438720,7305,1847
791821351946420224,0,21596
791784077045166082,0,9820
791780927877898241,0,3909
791774931465953280,46072,22736
791672322847637504,11996,3213
791406955684368384,13412,4215
791312159183634433,8960,2596
791026214425268224,0,4198
790987426131050500,10038,2182
790946055508652032,16996,4796
790723298204217344,0,2364
790698755171364864,8397,1971
790581949425475584,21071,7331
790337589677002753,7998,1922
790277117346975746,12817,3246
790227638568808452,0,3656
789986466051088384,9449,2364
789960241177853952,0,4213
789903600034189313,10565,4222
789628658055020548,7653,1813
789599242079838210,6896,1972
789530877013393408,11981,3458
789314372632018944,8828,2349
789280767834746880,0,5060
789268448748703744,9288,2664
789137962068021249,9909,2864
788908386943430656,27981,12752
788765914992902144,27896,10556
788552643979468800,0,7350
788412144018661376,15855,5392
788178268662984705,7365,2143
788150585577050112,6238,1314
788070120937619456,0,3503
788039637453406209,6250,1351
787810552592695296,8808,3117
787717603741622272,10454,2844
787397959788929025,11087,2903
787322443945877504,7938,1778
787111942498508800,0,6891
786963064373534720,27143,8145
786729988674449408,0,2470
786709082849828864,18612,6240
786664955043049472,10808,2612
786595970293370880,9604,3180
786363235746385920,11097,3586
786286427768250368,8123,2908
786233965241827333,15557,4848
786051337297522688,1455,159
786036967502913536,0,7170
785927819176054784,11604,3250
785872687017132033,6816,1859
785639753186217984,7981,2281
785533386513321988,9280,2035
785515384317313025,6221,1284
785264754247995392,7394,1676
785170936622350336,12268,4935
784826020293709826,10304,3308
784517518371221505,9136,2590
784431430411685888,5796,1295
784183165795655680,20460,8224
784057939640352768,30303,11345
783839966405230592,30563,10985
783821107061198850,7484,2009
783695101801398276,10659,3280
783466772167098368,8604,2290
783391753726550016,17170,5593
783347506784731136,0,5657
783334639985389568,29672,11908
783085703974514689,8298,2240
782969140009107456,24546,7517
782747134529531904,7610,1438
782722598790725632,17578,5493
782598640137187329,7931,1909
782305867769217024,16931,5680
782021823840026624,0,6328
781955203444699136,11302,3438
781661882474196992,10605,2774
781655249211752448,4059,1146
781524693396357120,21078,5664
781308096455073793,7258,2592
781251288990355457,8564,2115
781163403222056960,9969,2786
780931614150983680,21989,7443
780858289093574656,7303,2045
780800785462489090,5577,1324
780601303617732608,12306,3402
780543529827336192,6405,1770
780496263422808064,0,3766
780476555013349377,0,115
780459368902959104,5375,1095
780192070812196864,8843,2282
780092040432480260,0,2336
780074436359819264,12383,5058
779834332596887552,19204,7170
779377524342161408,8942,3162
779124354206535695,0,18630
779056095788752897,14997,4602
778990705243029504,20277,7333
778774459159379968,0,10066
778764940568104960,881,366
778748913645780993,6991,1335
778650543019483137,5858,1528
778624900596654080,4711,1025
778408200802557953,13809,4405
778396591732486144,0,12445
778383385161035776,5930,1120
778286810187399168,10535,3355
778039087836069888,8627,2687
778027034220126208,6650,1641
777953400541634568,0,3581
777885040357281792,6442,1651
777684233540206592,11401,2981
777641927919427584,0,4298
777621514455814149,8873,2537
777189768882946048,14470,4368
776819012571455488,0,13905
776813020089548800,4942,1232
776477788987613185,8949,2826
776249906839351296,0,9274
776218204058357768,30334,16101
776201521193218049,9752,2548
776113305656188928,11935,4424
776088319444877312,1863,153
775898661951791106,0,16779
775842724423557120,11875,2694
775733305207554048,14046,4044
775729183532220416,13161,4661
775364825476165632,7497,3015
775350846108426240,10302,3960
775085132600442880,15762,4808
774757898236878852,8719,1813
774639387460112384,6828,1755
774314403806253056,22058,5605
773985732834758656,10875,3929
773922284943896577,6478,1770
773704687002451968,6690,1649
773670353721753600,5413,1330
773547596996571136,22395,6260
773336787167145985,0,5156
773308824254029826,23603,7573
773247561583001600,9574,3287
773191612633579521,10104,4201
772877495989305348,8680,3936
772826264096874500,8166,2381
772615324260794368,0,3426
772581559778025472,6578,1718
772193107915964416,6113,1410
772152991789019136,3842,1147
772117678702071809,3820,750
772114945936949249,2758,473
772102971039580160,4049,951
771908950375665664,6659,1930
771770456517009408,12154,3429
771500966810099713,8348,2642
771380798096281600,10607,5157
771171053431250945,0,7572
771136648247640064,9252,2968
771102124360998913,6310,1458
771014301343748096,6961,1678
770787852854652928,4982,1216
770772759874076672,5237,1430
770655142660169732,7418,1788
770414278348247044,6387,2126
770293558247038976,6308,1500
770093767776997377,0,3097
770069151037685760,7680,2323
769940425801170949,31699,9687
769695466921623552,6475,1696
769335591808995329,0,7819
769212283578875904,5454,1745
768970937022709760,14516,6589
768909767477751808,0,2710
768855141948723200,4245,900
768609597686943744,4167,1218
768596291618299904,5088,1295
768554158521745409,0,5903
768473857036525572,13760,3476
768193404517830656,10976,3581
767884188863397888,4789,1398
767754930266464257,16164,5450
767500508068192258,7568,2368
767191397493538821,12406,3808
767122157629476866,10260,2890
766864461642756096,0,5696
766793450729734144,5120,1368
766714921925144576,2635,383
766693177336135680,4055,804
766423258543644672,6055,1606
766313316352462849,6854,1912
766078092750233600,0,2659
766069199026450432,4272,862
766008592277377025,3779,503
765719909049503744,7295,2169
765669560888528897,5230,1238
765395769549590528,26846,3413
765371061932261376,7129,2190
765222098633691136,11729,3426
764857477905154048,6509,1791
764259802650378240,6074,1515
763956972077010945,762,56
763837565564780549,12710,4198
763183847194451968,5427,1486
763167063695355904,0,3050
763103485927849985,7421,2313
762699858130116608,12246,3656
762471784394268675,11309,6473
762464539388485633,10377,4213
762316489655476224,4828,1132
762035686371364864,32147,15687
761976711479193600,5448,2030
761750502866649088,0,3959
761745352076779520,4302,872
761672994376806400,49884,29349
761599872357261312,4158,1198
761371037149827077,0,18215
761334018830917632,5230,1464
761292947749015552,4520,1093
761227390836215808,5360,1581
761004547850530816,11416,3503
760893934457552897,3844,986
760656994973933572,6625,1927
760641137271070720,5011,1311
760539183865880579,7618,3653
760521673607086080,4249,1395
760290219849637889,27013,11590
760252756032651264,3966,873
760190180481531904,5733,1818
760153949710192640,0,31
759943073749200896,5991,2092
759923798737051648,14769,5696
759846353224826880,6777,1993
759793422261743616,6003,1932
759557299618865152,4732,1196
759447681597108224,8554,2470
759446261539934208,1684,494
759197388317847553,6115,1962
759159934323924993,0,1163
759099523532779520,14624,4201
759047813560868866,6536,2036
758854675097526272,3574,904
758828659922702336,11288,3865
758740312047005698,5776,1621
758474966123810816,3832,1009
758467244762497024,4823,2232
758405701903519748,5232,1922
758355060040593408,3427,1086
758099635764359168,19196,10066
758041019896193024,2722,377
757741869644341248,6917,3270
757729163776290825,0,8001
757725642876129280,4570,1221
757611664640446465,4591,1114
757597904299253760,0,301
757596066325864448,4359,1067
757400162377592832,15247,6901
757393109802180609,5853,1747
757354760399941633,4543,1433
756998049151549440,6330,1999
756939218950160384,6684,2021
756651752796094464,5093,1312
756526248105566208,10472,3609
756303284449767430,3962,1100
756288534030475264,44229,17834
756275833623502848,6448,1542
755955933503782912,7369,2900
755206590534418437,16539,5396
755110668769038337,21322,11162
754874841593970688,0,7959
754856583969079297,6931,2539
754747087846248448,2601,525
754482103782404096,5324,1967
754449512966619136,3776,736
754120377874386944,7926,2368
753655901052166144,5867,2179
753420520834629632,7955,3590
753398408988139520,5791,1916
753375668877008896,7687,2336
753298634498793472,0,5737
753294487569522689,3391,1049
753039830821511168,37292,20992
753026973505581056,3931,973
752932432744185856,12691,6891
752917284578922496,6958,1587
752701944171524096,0,2887
752682090207055872,6026,1601
752660715232722944,4394,1566
752568224206688256,5536,2297
752519690950500352,7409,3453
752334515931054080,3831,1098
752309394570878976,0,16309
752173152931807232,5994,1849
751950017322246144,3074,923
751937170840121344,5210,1338
751830394383790080,5831,1958
751793661361422336,5853,2911
751598357617971201,7958,3051
751583847268179968,4416,1107
751538714308972544,5057,1268
751456908746354688,3228,1006
751251247299190784,12574,5908
751205363882532864,6348,1825
751132876104687617,5097,1298
750868782890057730,4808,1370
750719632563142656,13228,5060
750506206503038976,4458,1147
750429297815552001,13216,4298
750383411068534784,4582,1155
750381685133418496,698,27
750147208377409536,3118,962
750132105863102464,3631,1295
750117059602808832,4352,1318
750101899009982464,3051,849
750086836815486976,2176,536
750071704093859840,7857,3350
750056684286914561,3173,900
750041628174217216,3194,622
750026558547456000,2729,792
750011400160841729,3252,908
749996283729883136,3079,820
749981277374128128,5137,2475
749774190421639168,4671,1315
749417653287129088,6126,1643
749403093750648834,2633,536
749395845976588288,8593,3442
749317047558017024,5518,2240
749075273010798592,5768,2077
749064354620928000,4820,1529
749036806121881602,3102,795
748977405889503236,10790,3405
748932637671223296,5831,2260
748705597323898880,2788,949
748699167502000129,4759,1592
748692773788876800,4260,1335
748575535303884801,6091,1975
748568946752774144,2200,669
748346686624440324,5226,1228
748337862848962560,7660,4114
748324050481647620,3686,759
748307329658011649,3677,713
748220828303695873,14177,7816
747963614829678593,5787,2147
747933425676525569,6608,2544
747885874273214464,2948,978
747844099428986880,2826,750
747816857231626240,4860,1164
747651430853525504,1392,156
747648653817413632,12919,5864
747600769478692864,2326,556
747594051852075008,3682,1057
747512671126323200,5555,1610
747461612269887489,3871,1042
747439450712596480,5428,1917
747242308580548608,0,2905
747219827526344708,5272,1571
747204161125646336,3377,924
747103485104099331,9584,3962
746906459439529985,2897,297
746872823977771008,5990,2133
746818907684614144,5321,1743
746790600704425984,4880,1604
746757706116112384,9587,3909
746726898085036033,6050,1798
746542875601690625,5038,1878
746521445350707200,0,983
746507379341139972,4657,1083
746369468511756288,6180,1626
746131877086527488,6909,2202
746056683365994496,3550,810
745789745784041472,4021,1064
745712589599014916,7004,2329
745433870967832576,7074,2536
745422732645535745,8574,2436
745314880350101504,7180,2748
745074613265149952,7838,3499
745057283344719872,7249,2261
744995568523612160,2963,620
744971049620602880,7879,2682
744709971296780288,5611,1562
744334592493166593,6775,2114
744234799360020481,156295,77863
744223424764059648,1662,366
743980027717509120,4171,1092
743895849529389061,3644,961
743835915802583040,0,2073
743609206067040256,4474,1382
743595368194129920,18367,6526
743545585370791937,3528,940
743510151680958465,7911,3719
743253157753532416,4227,1223
743222593470234624,6214,1901
743210557239623680,3837,1361
742534281772302336,7053,3570
742528092657332225,4409,1976
742465774154047488,7255,3893
742423170473463808,9806,3766
742385895052087300,6799,1966
742161199639494656,4337,1369
742150209887731712,5127,1543
741793263812808706,4538,1508
741743634094141440,8165,2745
741438259667034112,3676,831
741303864243200000,8771,3199
741099773336379392,9978,5499
741067306818797568,9492,3096
740995100998766593,6357,2736
740711788199743490,3394,933
740699697422163968,2843,781
740676976021798912,18137,6802
740373189193256964,34901,13288
740365076218183684,2451,431
740359016048689152,3296,864
740214038584557568,6678,1958
739979191639244800,19919,5903
739932936087216128,4049,1070
739844404073074688,3796,852
739623569819336705,3756,1347
739606147276148736,5370,1650
739544079319588864,39430,21186
739485634323156992,7141,2919
739238157791694849,115457,57730
738891149612572673,111,6
738885046782832640,3766,1139
738883359779196928,3292,789
738537504001953792,5067,1538
738402415918125056,3239,835
738184450748633089,4305,1204
738166403467907072,8747,3343
738156290900254721,2502,639
737826014890496000,5256,1761
737800304142471168,9961,3446
737678689543020544,5021,1314
737445876994609152,10224,4441
737322739594330112,3586,810
737310737551491075,14611,7389
736736130620620800,4246,1720
736392552031657984,17618,7350
736365877722001409,3962,1238
736225175608430592,8096,2771
736010884653420544,7869,2982
735991953473572864,3579,1147
735648611367784448,4018,1096
735635087207878657,6131,2333
735274964362878976,12962,5014
735256018284875776,3320,879
735137028879360001,3122,965
734912297295085568,2740,524
734787690684657664,12488,6249
734776360183431168,2493,541
734559631394082816,1477,394
733828123016450049,3562,778
733822306246479872,3667,1018
733482008106668032,3125,949
733460102733135873,4180,1275
733109485275860992,50012,16780
732732193018155009,2428,533
732726085725589504,3533,883
732585889486888962,3644,775
732375214819057664,8048,2502
732005617171337216,14825,5381
731285275100512256,3474,985
731156023742988288,3825,1258
730924654643314689,6116,1960
730573383004487680,4882,2121
730427201120833536,3471,1045
730211855403241472,3799,1053
730196704625098752,4824,1892
729854734790754305,4008,1118
729838605770891264,1718,381
729823566028484608,3958,1239
729463711119904772,5767,2302
729113531270991872,1874,323
728986383096946689,3127,818
728760639972315136,4659,1692
728751179681943552,2750,674
728653952833728512,3289,1027
728409960103686147,4884,1990
728387165835677696,3669,956
728046963732717569,4277,1192
728035342121635841,4541,1653
728015554473250816,4092,1098
727685679342333952,2945,636
727644517743104000,5855,1737
727524757080539137,4450,1211
727314416056803329,3319,737
727286334147182592,3031,807
727175381690781696,3888,1374
727155742655025152,3600,1326
726935089318363137,6837,2443
726887082820554753,3821,1514
726828223124897792,3547,995
726224900189511680,4404,1138
725842289046749185,7040,2659
725786712245440512,4144,1359
725729321944506368,5179,1773
725458796924002305,1400,611
724983749226668032,3703,1304
724771698126512129,2335,634
724405726123311104,5245,1635
724049859469295616,4294,1762
724046343203856385,2642,552
724004602748780546,4159,1542
723912936180330496,3861,1227
723688335806480385,7631,2919
723673163800948736,2992,881
723179728551723008,5271,1855
722974582966214656,4072,1548
722613351520608256,4934,1626
721503162398597120,4591,1838
721001180231503872,2510,606
720785406564900865,3093,761
720775346191278080,2444,659
720415127506415616,4104,1490
720389942216527872,6336,2490
720340705894408192,2854,971
720059472081784833,3844,1109
720043174954147842,4871,1991
719991154352222208,4802,1729
719704490224398336,4511,1417
719551379208073216,5023,1894
719367763014393856,2784,738
719339463458033665,4399,1222
719332531645071360,3410,944
718971898235854848,3467,1069
718939241951195136,5218,1747
718631497683582976,18735,7979
718613305783398402,2416,477
718540630683709445,2438,1007
718460005985447936,2679,521
718454725339934721,4832,1499
718246886998687744,1905,498
718234618122661888,3846,989
717841801130979328,2452,601
717790033953034240,2861,1103
717537687239008257,5749,1844
717428917016076293,1605,447
717047459982213120,6257,1918
717009362452090881,3232,957
716802964044845056,4254,1160
716791146589110272,8101,1565
716730379797970944,1225,424
716447146686459905,12981,5816
716439118184652801,2362,207
716285507865542656,2746,1050
716080869887381504,6706,1887
715928423106027520,3175,874
715758151270801409,3696,1427
715733265223708672,4628,1676
715704790270025728,2774,562
715696743237730304,3889,1281
715680795826982913,4277,1603
715360349751484417,5443,1554
715342466308784130,3022,688
715220193576927233,2411,643
715200624753819648,5104,1871
715009755312439296,4134,1222
714982300363173890,3708,1025
714962719905021952,7307,4231
714957620017307648,4104,1401
714631576617938945,3259,991
714606013974974464,3611,923
714485234495041536,2668,1120
714258258790387713,3016,714
714251586676113411,3260,830
714214115368108032,2262,865
714141408463036416,4288,1390
713919462244790272,3276,783
713909862279876608,1890,533
713900603437621249,2816,738
713761197720473600,4838,1369
713411074226274305,4415,1289
713177543487135744,7181,2815
713175907180089344,4435,1465
712809025985978368,18443,6659
712717840512598017,12272,4946
712668654853337088,4159,1206
712438159032893441,5300,1552
712309440758808576,242,25
712097430750289920,3762,1022
712092745624633345,2923,883
712085617388212225,3253,483
712065007010385924,2256,617
711998809858043904,0,125
711968124745228288,8031,2289
711743778164514816,2826,976
711732680602345472,8796,4090
711694788429553666,32696,18215
711652651650457602,3827,908
711363825979756544,3630,1131
711306686208872448,3290,732
711008018775851008,2984,610
710997087345876993,4536,1376
710844581445812225,2531,684
710833117892898816,2667,532
710658690886586372,2304,555
710609963652087808,4766,2368
710588934686908417,4511,1854
710296729921429505,2359,731
710283270106132480,2136,517
710272297844797440,4511,1241
710269109699739648,2383,1115
710153181850935296,2891,880
710140971284037632,2744,874
710117014656950272,5457,1980
709918798883774466,3463,1078
709901256215666688,666,99
709852847387627521,3508,1194
709566166965075968,3533,1202
709556954897764353,3283,1064
709519240576036864,1487,236
709449600415961088,2210,565
709409458133323776,2607,678
709225125749587968,2398,570
709207347839836162,12487,5768
709198395643068416,2415,640
709179584944730112,1990,664
709158332880297985,2022,411
709042156699303936,4719,1620
708853462201716736,1789,654
708845821941387268,2971,896
708834316713893888,1676,495
708810915978854401,16391,6886
708738143638450176,2727,803
708711088997666817,2527,715
708479650088034305,2531,677
708469915515297792,3083,806
708400866336894977,15912,10017
708356463048204288,3565,1314
708349470027751425,2333,734
708149363256774660,4260,1544
708130923141795840,3369,850
708119489313951744,2676,977
708109389455101952,1934,548
708026248782585858,4370,1920
707995814724026368,3109,1118
707983188426153984,49,2
707969809498152960,2689,959
707776935007539200,3268,952
707741517457260545,2479,611
707738799544082433,4063,2445
707693576495472641,3390,986
707629649552134146,2559,872
707610948723478529,16909,6328
707420581654872064,2265,695
707411934438625280,2293,596
707387676719185920,3484,1282
707377100785885184,3267,1088
707315916783140866,2459,633
707297311098011648,2762,781
707059547140169728,2584,667
707038192327901184,2174,787
707021089608753152,4056,1349
707014260413456384,2304,596
706904523814649856,14510,7819
706901761596989440,2048,590
706681918348251136,3286,968
706644897839910912,2557,1084
706593038911545345,2143,629
706538006853918722,3462,1420
706516534877929472,3092,1027
706346369204748288,3435,922
706310011488698368,21229,7887
706291001778950144,1687,473
706265994973601792,2721,929
706169069255446529,3892,2199
706166467411222528,5149,1590
706153300320784384,1477,383
705975130514706432,3089,728
705970349788291072,3152,889
705898680587526145,2357,548
705786532653883392,1927,516
705591895322394625,3144,1149
705475953783398401,2947,908
705442520700944385,4411,1619
705428427625635840,3801,1678
705239209544720384,2996,745
705223444686888960,2578,796
705102439679201280,2135,516
705066031337840642,2176,615
704871453724954624,4257,1111
704859558691414016,2247,539
704847917308362754,5054,1520
704819833553219584,2626,985
704761120771465216,6612,2905
704499785726889984,2906,1011
704491224099647488,752,78
704480331685040129,3377,1062
704364645503647744,7972,3534
704347321748819968,1571,349
704134088924532736,1496,456
704113298707505153,1845,569
704054845121142784,2913,911
703774238772166656,1836,459
703769065844768768,3266,1135
703631701117943808,2570,677
703611486317502464,3837,1523
703425003149250560,3795,1359
703407252292673536,2439,693
703382836347330562,3501,1144
703356393781329922,1911,383
703268521220972544,1964,547
703079050210877440,7360,3068
703041949650034688,26263,12445
702932127499816960,2572,727
702899151802126337,1606,451
702684942141153280,3210,1072
702671118226825216,2192,553
702598099714314240,12194,3419
702539513671897089,2870,958
702332542343577600,3171,1544
702321140488925184,3261,1038
702276748847800320,2456,762
702217446468493312,4767,1328
701981390485725185,3441,990
701952816642965504,3834,1021
701889187134500865,3526,1383
701805642395348998,3399,1672
701601587219795968,2082,448
701570477911896070,2805,921
701545186879471618,2655,607
701214700881756160,12155,5081
700890391244103680,2207,564
700864154249383937,2589,620
700847567345688576,2452,501
700796979434098688,2432,936
700747788515020802,22765,9274
700518061187723268,2603,794
700505138482569216,2281,567
700462010979500032,4120,1779
700167517596164096,2622,732
700151421916807169,2230,670
700143752053182464,7504,2710
700062718104104960,2645,689
700029284593901568,2064,585
700002074055016451,3312,1338
699801817392291840,3053,952
699788877217865730,2224,508
699779630832685056,2735,1227
699775878809702401,1955,603
699691744225525762,10236,4600
699446877801091073,5935,2602
699434518667751424,2157,515
699423671849451520,1359,324
699413908797464576,2075,624
699370870310113280,1883,441
699323444782047232,3141,857
699088579889332224,2236,631
699079609774645248,2446,653
699072405256409088,2965,1188
699060279947165696,3742,1797
699036661657767936,2591,1193
698989035503689728,3340,971
698953797952008193,2672,895
698907974262222848,2531,624
698710712454139905,2461,677
698703483621523456,1442,376
698635131305795584,1290,337
698549713696649216,2324,622
698355670425473025,1848,448
698342080612007937,2259,949
698262614669991936,4733,1993
698195409219559425,16695,5950
698178924120031232,2795,737
697995514407682048,1512,331
697990423684476929,3271,1291
697943111201378304,2375,679
697881462549430272,3007,1174
697630435728322560,1734,539
697616773278015490,3155,1010
697596423848730625,3008,1262
697575480820686848,2032,497
697516214579523584,2049,1111
697482927769255936,2407,674
697463031882764288,3413,1394
697270446429966336,4678,1871
697259378236399616,3284,1001
697255105972801536,3026,1158
697242256848379904,2506,668
696900204696625153,3159,1018
696894894812565505,2332,674
696886256886657024,4841,1796
696877980375769088,2426,708
696754882863349760,1480,360
696744641916489729,2052,936
696713835009417216,2363,652
696518437233913856,3900,1703
696490539101908992,1209,141
696488710901260288,2522,1015
696405997980676096,3194,1151
696100768806522880,1923,650
695816827381944320,3001,1161
695794761660297217,3147,760
695767669421768709,1854,743
695629776980148225,4549,2090
695446424020918272,4384,1800
695409464418041856,8643,3564
695314793360662529,3616,1447
695095422348574720,2623,611
695074328191332352,2830,1092
695064344191721472,1593,588
695051054296211456,2655,784
694925794720792577,2680,915
694905863685980160,2740,936
694669722378485760,35712,14322
694356675654983680,1494,285
694352839993344000,2031,613
694342028726001664,1570,481
694329668942569472,1998,499
694206574471057408,4139,2029
694183373896572928,2942,923
694001791655137281,3397,1021
693993230313091072,1871,400
693942351086120961,1738,369
693647888581312512,2678,583
693644216740769793,1346,122
693642232151285760,2527,410
693629975228977152,2435,791
693622659251335168,1532,372
693590843962331137,5044,1949
693582294167244802,1642,252
693486665285931008,1775,634
693280720173801472,3340,1231
693267061318012928,2370,809
693262851218264065,2206,498
693231807727280129,2861,732
693155686491000832,7852,3200
693109034023534592,1711,608
693095443459342336,1851,459
692919143163629568,2664,752
692905862751522816,2416,864
692901601640583168,1758,599
692894228850999298,2263,803
692828166163931137,2861,880
692752401762250755,6803,3631
692568918515392513,4347,1529
692535307825213440,3161,1357
692530551048294401,1820,411
692423280028966913,1477,225
692417313023332352,9332,3454
692187005137076224,2522,818
692158366030913536,2138,787
692142790915014657,1642,393
692041934689402880,3387,1266
692017291282812928,2879,956
691820333922455552,3945,1656
691793053716221953,8107,4211
691756958957883396,2851,999
691675652215414786,1947,505
691483041324204033,2381,563
691459709405118465,4032,1136
691444869282295808,2643,845
691416866452082688,19259,7603
691321916024623104,2553,660
691096613310316544,2949,876
691090071332753408,1713,332
690989312272396288,5882,2857
690959652130045952,3569,1243
690938899477221376,4074,1953
690932576555528194,3280,1014
690735892932222976,3774,1265
690728923253055490,2173,514
690690673629138944,2330,813
690649993829576704,1300,278
690607260360429569,295,18
690597161306841088,1946,600
690400367696297985,1879,451
690374419777196032,3244,845
690360449368465409,2666,877
690348396616552449,1504,516
690248561355657216,1670,415
690021994562220032,2785,1029
690015576308211712,2483,729
690005060500217858,3659,1683
689999384604450816,1415,369
689993469801164801,1457,448
689977555533848577,1368,444
689905486972461056,2432,697
689877686181715968,3032,1157
689835978131935233,2165,742
689661964914655233,3203,925
689659372465688576,10340,3859
689623661272240129,2225,639
689599056876867584,11615,5504
689557536375177216,2036,455
689517482558820352,3384,1423
689289219123089408,2251,938
689283819090870273,3257,1099
689280876073582592,1976,708
689275259254616065,1140,243
689255633275777024,2544,1079
689154315265683456,3070,999
689143371370250240,2007,508
688916208532455424,2714,865
688908934925697024,2106,763
688898160958271489,2089,778
688894073864884227,2233,689
688828561667567616,1374,369
688804835492233216,956,191
688789766343622656,2206,660
688547210804498433,2587,697
688519176466644993,2305,723
688385280030670848,9261,4461
688211956440801280,2239,825
688179443353796608,2130,580
688116655151435777,2819,770
688064179421470721,1727,358
687841446767013888,5452,2503
687826841265172480,2743,1115
687818504314159109,2470,939
687807801670897665,2394,715
687732144991551489,1756,664
687704180304273409,2420,840
687664829264453632,1927,510
687494652870668288,1892,577
687480748861947905,1596,239
687476254459715584,1981,532
687460506001633280,2054,540
687399393394311168,1886,615
687317306314240000,20099,9140
687312378585812992,4344,1896
687127927494963200,5420,2264
687124485711986689,2164,502
687109925361856513,5780,2454
687102708889812993,2340,975
687096057537363968,2240,601
686947101016735744,8610,3181
686760001961103360,3508,1379
686749460672679938,3465,1449
686730991906516992,4129,1193
686683045143953408,2816,798
686618349602762752,3702,1361
686606069955735556,1883,541
686394059078897668,1731,685
686386521809772549,3249,874
686377065986265092,2202,564
686358356425093120,2176,665
686286779679375361,3998,1656
686050296934563840,2210,726
686035780142297088,1144,116
686034024800862208,3084,1141
686007916130873345,2480,411
686003207160610816,1824,624
685973236358713344,2096,522
685943807276412928,1624,590
685906723014619143,7490,2874
685681090388975616,2028,124
685667379192414208,2351,561
685663452032069632,3231,1454
685641971164143616,2928,776
685547936038666240,32858,15580
685532292383666176,3019,1155
685325112850124800,9439,3959
685321586178670592,2651,636
685315239903100929,3314,1044
685307451701334016,2066,441
685268753634967552,3090,1193
685198997565345792,2339,667
685169283572338688,4097,1427
684969860808454144,2384,367
684959798585110529,6815,3112
684940049151070208,3202,1041
684926975086034944,3485,459
684914660081053696,3504,1444
684902183876321280,1872,527
684880619965411328,2086,805
684830982659280897,34949,21596
684800227459624960,2734,1001
684594889858887680,8881,3491
684588130326986752,4104,1405
684567543613382656,3012,1210
684538444857667585,2643,948
684481074559381504,3882,1164
684460069371654144,1971,557
684241637099323392,8120,3265
684225744407494656,1225,207
684222868335505415,3811,1365
684200372118904832,2148,1030
684195085588783105,1904,510
684188786104872960,3485,1168
684177701129875456,2008,659
684147889187209216,2981,1511
684122891630342144,2004,466
684097758874210310,4105,1426
683857920510050305,3797,1118
683852578183077888,1929,344
683849932751646720,2604,960
683834909291606017,2613,1109
683828599284170753,2784,1060
683773439333797890,3334,1343
683742671509258241,6454,3287
683515932363329536,7319,2887
683498322573824003,3169,961
683481228088049664,2644,993
683462770029932544,2419,670
683449695444799489,3882,1601
683391852557561860,7609,2389
683357973142474752,2899,911
683142553609318400,2858,1042
683111407806746624,3387,907
683098815881154561,2156,656
683078886620553216,1981,560
683030066213818368,2162,735
682962037429899265,36722,16503
682808988178739200,1780,167
682788441537560576,2480,1105
682750546109968385,1511,437
682697186228989953,1314,356
682662431982772225,3052,1077
682638830361513985,2063,596
682429480204398592,3421,1152
682406705142087680,7543,1764
682393905736888321,2220,670
682389078323662849,1648,460
682303737705140231,3047,969
682259524040966145,4132,1202
682242692827447297,3243,1159
682088079302213632,18169,9820
682059653698686977,4925,1674
682047327939461121,3186,928
682032003584274432,6551,1994
682003177596559360,3122,1523
681981167097122816,2797,1027
681891461017812993,2466,814
681694085539872773,12742,4037
681679526984871937,1769,439
681654059175129088,2630,918
681610798867845120,1899,462
681579835668455424,3538,1293
681523177663676416,14240,5737
681340665377193984,1638,275
681339448655802368,9252,4066
681320187870711809,2636,739
681302363064414209,3912,1804
681297372102656000,3205,947
681281657291280384,3215,1091
681261549936340994,1451,268
681242418453299201,1483,527
681231109724700672,2399,483
681193455364796417,3686,1474
680970795137544192,2412,653
680959110691590145,4564,1993
680940246314430465,3187,1047
680934982542561280,2075,433
680913438424612864,2392,619
680889648562991104,1757,361
680836378243002368,3445,1312
680805554198020098,2148,659
680801747103793152,2369,814
680798457301471234,2834,1026
680609293079592961,2629,697
680583894916304897,3610,1326
680497766108381184,4215,1902
680494726643068929,1710,482
680473011644985345,2537,739
680440374763077632,1437,497
680221482581123072,1457,291
680206703334408192,2823,1158
680191257256136705,2135,498
680176173301628928,3869,1541
680161097740095489,2311,729
680145970311643136,3595,1728
680130881361686529,2278,935
680115823365742593,2703,899
680100725817409536,3548,1365
680085611152338944,12741,8933
680070545539371008,2565,862
679877062409191424,1982,644
679872969355714560,2175,655
679862121895714818,2444,616
679854723806179328,2837,1220
679844490799091713,2351,756
679828447187857408,36050,13905
679777920601223168,3076,1095
679736210798047232,2082,781
679729593985699840,2156,816
679722016581222400,1656,461
679530280114372609,4763,2066
679527802031484928,2626,716
679511351870550016,3347,1251
679503373272485890,3143,1452
679475951516934144,2078,632
679462823135686656,31363,18630
679405845277462528,2352,1194
679158373988876288,21122,7959
679148763231985668,2758,1017
679132435750195208,2944,1143
679111216690831360,5917,2552
679062614270468097,16811,8001
679047485189439488,2229,658
679001094530465792,2798,1212
678991772295516161,2279,1145
678969228704284672,1637,453
678800283649069056,2544,889
678798276842360832,3422,1150
678774928607469569,2786,894
678767140346941444,3492,1343
678764513869611008,1622,468
678755239630127104,7038,3236
678740035362037760,3723,1657
678708137298427904,5539,2393
678675843183484930,2833,1440
678643457146150913,2032,401
678446151570427904,3955,1522
678424312106393600,5417,2508
678410210315247616,4169,1781
678399652199309312,78379,31350
678396796259975168,1576,409
678389028614488064,1857,418
678380236862578688,2406,900
678341075375947776,1709,529
678334497360859136,1292,249
678278586130948096,11291,6004
678255464182861824,1576,358
678023323247357953,1892,375
678021115718029313,13486,6236
677961670166224897,3378,1659
677918531514703872,1332,400
677895101218201600,4771,2038
677716515794329600,3016,966
677700003327029250,3340,1421
677698403548192770,1211,315
677687604918272002,2457,840
677673981332312066,3282,1478
677662372920729601,1927,942
677644091929329666,1828,784
677573743309385728,2097,691
677565715327688705,1282,455
677557565589463040,2409,1130
677547928504967168,6848,3606
677530072887205888,1049,224
677335745548390400,2997,1748
677334615166730240,1324,280
677331501395156992,1072,232
677328882937298944,3584,1478
677314812125323265,1620,522
677301033169788928,1216,394
677269281705472000,1955,694
677228873407442944,3493,1614
677187300187611136,2704,906
676975532580409345,2727,1047
676957860086095872,2203,798
676949632774234114,1280,390
676948236477857792,2135,848
676946864479084545,1704,363
676942428000112642,2040,738
676936541936185344,12519,4830
676916996760600576,2937,1781
676897532954456065,2209,708
676864501615042560,2065,696
676821958043033607,22554,15285
676819651066732545,1787,650
676811746707918848,1395,414
676776431406465024,4917,1984
676617503762681856,2838,943
676613908052996102,1064,197
676606785097199616,1861,425
676603393314578432,1140,375
676593408224403456,4491,2120
676590572941893632,897,119
676588346097852417,2271,765
676582956622721024,1176,268
676575501977128964,2535,1097
676533798876651520,1836,542
676496375194980353,1491,522
676470639084101634,11395,4582
676440007570247681,1688,646
676430933382295552,1369,338
676263575653122048,2043,531
676237365392908289,1187,282
676219687039057920,74931,30422
676215927814406144,1705,563
676191832485810177,2235,1007
676146341966438401,1875,647
676121918416756736,2120,1135
676101918813499392,2771,1139
676098748976615425,2939,1390
676089483918516224,1285,427
675898130735476737,1581,560
675891555769696257,2083,834
675888385639251968,2331,934
675878199931371520,4091,1369
675870721063669760,1590,551
675853064436391936,2633,1261
675849018447167488,921,140
675845657354215424,2227,857
675822767435051008,1484,522
675820929667219457,1024,230
675798442703122432,10028,3328
675781562965868544,1593,456
675740360753160193,1140,333
675710890956750848,1848,794
675707330206547968,1929,664
675706639471788032,628,93
675534494439489536,1777,403
675531475945709568,1155,370
675522403582218240,1017,281
675517828909424640,1259,451
675501075957489664,16752,5677
675497103322386432,3068,1256
675489971617296384,1264,580
675483430902214656,1803,954
675432746517426176,1485,552
675372240448454658,1649,502
675362609739206656,1022,226
675354435921575936,31697,16309
675349384339542016,3817,2203
675334060156301312,2694,1247
675166823650848770,3495,1544
675153376133427200,6094,2503
675149409102012420,3656,1636
675147105808306176,917,227
675146535592706048,1152,287
675145476954566656,2080,869
675135153782571009,1270,469
675113801096802304,1901,762
675111688094527488,938,244
675109292475830276,2718,1101
675047298674663426,1036,314
675015141583413248,2634,1152
675006312288268288,959,216
675003128568291329,1519,453
674999807681908736,2182,1072
674805413498527744,836,345
674800520222154752,2933,828
674793399141146624,2445,1058
674790488185167872,1073,241
674788554665512960,792,203
674781762103414784,1948,1154
674774481756377088,1084,454
674767892831932416,1777,757
674764817387900928,772,229
674754018082705410,1329,431
674752233200820224,1425,449
674743008475090944,1359,533
674742531037511680,472,49
674739953134403584,1066,375
674737130913071104,629,85
674690135443775488,1114,458
674670581682434048,1564,628
674664755118911488,888,243
674646392044941312,1394,475
674644256330530816,1001,260
674638615994089473,1638,560
674632714662858753,1460,555
674606911342424069,914,95
674468880899788800,6044,1967
674447403907457024,1031,346
674436901579923456,1083,378
674422304705744896,1394,526
674416750885273600,668,133
674410619106390016,1163,447
674394782723014656,1468,554
674372068062928900,827,305
674330906434379776,546,72
674318007229923329,1366,504
674307341513269249,10996,6727
674291837063053312,14258,5657
674271431610523648,1521,710
674269164442398721,885,222
674265582246694913,1592,813
674262580978937856,1267,436
674255168825880576,1419,526
674082852460433408,737,163
674075285688614912,959,274
674063288070742018,6182,2120
674053186244734976,3194,1247
674051556661161984,1404,473
674045139690631169,1366,617
674042553264685056,698,122
674038233588723717,1070,402
674036086168010753,825,202
674024893172875264,1718,1179
674019345211760640,1093,292
674014384960745472,1507,610
674008982932058114,1155,339
673956914389192708,1893,919
673919437611909120,1129,360
673906403526995968,3075,1572
673887867907739649,904,245
673716320723169284,2986,720
673715861853720576,3428,1979
673711475735838725,1004,290
673709992831262724,805,263
673708611235921920,1040,275
673707060090052608,1058,378
673705679337693185,1215,394
673700254269775872,1380,545
673697980713705472,3839,1896
673689733134946305,1679,621
673688752737402881,1220,476
673686845050527744,1392,415
673680198160809984,1324,448
673662677122719744,1213,352
673656262056419329,697,228
673636718965334016,1065,347
673612854080196609,1550,692
673583129559498752,1149,345
673580926094458881,804,264
673576835670777856,1339,544
673363615379013632,986,291
673359818736984064,1402,647
673355879178194945,1450,554
673352124999274496,1604,520
673350198937153538,726,201
673345638550134785,2422,1212
673343217010679808,935,258
673342308415348736,1230,552
673320132811366400,12989,7572
673317986296586240,850,244
673295268553605120,7248,3050
673270968295534593,1036,347
673240798075449344,1376,694
673213039743795200,2167,812
673148804208660480,1632,605
672997845381865473,1899,685
672995267319328768,916,274
672988786805112832,955,277
672984142909456390,1215,521
672980819271634944,1755,973
672975131468300288,1621,868
672970152493887488,919,342
672968025906282496,1280,522
672964561327235073,1375,619
672902681409806336,1321,477
672898206762672129,877,406
672884426393653248,1495,808
672877615439593473,997,338
672834301050937345,1267,539
672828477930868736,1214,470
672640509974827008,942,303
672622327801233409,1245,467
672614745925664768,1185,555
672609152938721280,1076,375
672604026190569472,1075,383
672594978741354496,1294,587
672591762242805761,924,324
672591271085670400,699,177
672538107540070400,997,350
672523490734551040,610,161
672488522314567680,1071,418
672482722825261057,1090,571
672481316919734272,696,123
672475084225949696,1395,673
672466075045466113,1304,510
672272411274932228,6217,3224
672267570918129665,1443,590
672264251789176834,1097,324
672256522047614977,2727,1473
672254177670729728,1386,708
672248013293752320,1682,574
672245253877968896,662,147
672239279297454080,862,310
672231046314901505,1769,965
672222792075620352,756,203
672205392827572224,2183,1107
672169685991993344,983,353
672160042234327040,844,342
672139350159835138,1687,663
672125275208069120,2300,1096
672095186491711488,967,355
672082170312290304,908,352
672068090318987265,1245,496
671896809300709376,8194,4008
671891728106971137,1270,553
671882082306625538,3337,1333
671879137494245376,1363,637
671874878652489728,1207,528
671866342182637568,1082,474
671855973984772097,869,418
671789708968640512,6806,3326
671768281401958400,1151,480
671763349865160704,1614,869
671744970634719232,1303,730
671743150407421952,724,228
671735591348891648,1390,726
671729906628341761,8198,4170
671561002136281088,12332,6933
671550332464455680,877,201
671547767500775424,1293,569
671544874165002241,1890,1007
671542985629241344,1053,539
671538301157904385,900,371
671536543010570240,1130,388
671533943490011136,981,553
671528761649688577,813,248
671520732782923777,1344,505
671518598289059840,915,284
671511350426865664,1539,673
671504605491109889,6737,3412
671497587707535361,885,428
671488513339211776,965,456
671486386088865792,557,188
671485057807351808,732,224
671390180817915904,1392,713
671362598324076544,1063,286
671357843010908160,384,146
671355857343524864,469,114
671347597085433856,923,411
671186162933985280,706,202
671182547775299584,1078,323
671166507850801152,844,331
671163268581498880,1590,1049
671159727754231808,358,77
671154572044468225,685,209
671151324042559489,643,146
671147085991960577,643,205
671141549288370177,1109,628
671138694582165504,888,382
671134062904504320,718,186
671122204919246848,3367,2411
671115716440031232,1316,745
671109016219725825,1102,418
670995969505435648,1068,282
670842764863651840,23777,8328
670840546554966016,561,185
670838202509447168,1075,664
670833812859932673,426,117
670832455012716544,705,208
670826280409919488,5315,3892
670823764196741120,746,180
670822709593571328,586,91
670815497391357952,3050,1477
670811965569282048,1085,260
670807719151067136,1121,467
670804601705242624,1885,916
670803562457407488,331,84
670797304698376195,710,227
670792680469889025,796,263
670789397210615808,638,224
670786190031921152,579,194
670783437142401025,796,369
670782429121134593,1496,735
670780561024270336,763,277
670778058496974848,318,71
670764103623966721,1038,401
670755717859713024,426,105
670733412878163972,923,493
670727704916926465,799,342
670717338665226240,1155,463
670704688707301377,749,356
670691627984359425,571,231
670679630144274432,726,270
670676092097810432,238,40
670668383499735048,10281,4797
670474236058800128,1452,709
670468609693655041,344,83
670465786746662913,936,522
670452855871037440,528,194
670449342516494336,1156,624
670444955656130560,6474,1898
670442337873600512,626,190
670435821946826752,1018,492
670434127938719744,1357,621
670433248821026816,318,106
670428280563085312,1331,592
670427002554466305,506,153
670421925039075328,1260,606
670420569653809152,603,302
670417414769758208,552,307
670411370698022913,1947,848
670408998013820928,536,210
670403879788544000,408,144
670385711116361728,544,194
670374371102445568,722,259
670361874861563904,319,62
670338931251150849,412,103
670319130621435904,3748,1163
670303360680108032,417,126
670290420111441920,675,270
670093938074779648,989,317
670086499208155136,674,244
670079681849372674,2137,1170
670073503555706880,1511,757
670069087419133954,599,225
670061506722140161,733,319
670055038660800512,642,315
670046952931721218,623,164
670040295598354432,725,106
670037189829525505,574,260
670003130994700288,318,87
669993076832759809,313,81
669972011175813120,427,149
669970042633789440,292,55
669942763794931712,487,153
669926384437997569,362,94
669923323644657664,226,53
669753178989142016,778,377
669749430875258880,252,63
669684865554620416,495,87
669683899023405056,374,104
669682095984410625,342,129
669680153564442624,645,270
669661792646373376,781,411
669625907762618368,3397,1729
669603084620980224,911,345
669597912108789760,497,141
669583744538451968,1438,886
669573570759163904,421,132
669571471778410496,1534,974
669567591774625800,227,53
669564461267722241,373,117
669393256313184256,348,71
669375718304980992,1277,697
669371483794317312,474,171
669367896104181761,442,145
669363888236994561,599,218
669359674819481600,356,114
669354382627049472,2599,1227
669353438988365824,605,250
669351434509529089,418,172
669328503091937280,976,400
669327207240699904,554,114
669324657376567296,483,199
669216679721873412,1149,390
669214165781868544,423,152
669203728096960512,973,452
669037058363662336,630,299
669015743032369152,721,358
669006782128353280,558,238
669000397445533696,20140,6100
668994913074286592,424,217
668992363537309700,720,324
668989615043424256,650,317
668988183816871936,872,441
668986018524233728,534,157
668981893510119424,520,289
668979806671884288,770,334
668975677807423489,1251,555
668967877119254528,140,21
668960084974809088,680,231
668955713004314625,266,67
668932921458302977,252,55
668902994700836864,308,97
668892474547511297,385,143
668872652652679168,509,289
668852170888998912,436,153
668826086256599040,422,128
668815180734689280,541,252
668779399630725120,679,352
668655139528511488,504,210
668645506898350081,847,508
668643542311546881,844,507
668641109086707712,1032,522
668636665813057536,1003,470
668633411083464705,2692,1546
668631377374486528,682,302
668627278264475648,304,109
668625577880875008,369,123
668623201287675904,1369,722
668620235289837568,191,38
668614819948453888,596,304
668587383441514497,1601,1024
668567822092664832,233,50
668544745690562560,493,215
668542336805281792,435,203
668537837512433665,245,67
668528771708952576,446,213
668507509523615744,312,101
668496999348633600,394,126
668484198282485761,413,225
668480044826800133,440,141
668466899341221888,858,491
668297328638447616,603,284
668291999406125056,234,29
668286279830867968,483,130
668274247790391296,794,223
668268907921326080,535,222
668256321989451776,1247,575
668248472370458624,939,461
668237644992782336,5958,2713
668226093875376128,288,97
668221241640230912,496,187
668204964695683073,537,186
668190681446379520,624,191
668171859951755264,467,184
668154635664932864,479,296
668142349051129856,555,269
668113020489474048,647,224
667937095915278337,1207,759
667924896115245057,285,108
667915453470232577,200,54
667911425562669056,473,282
667902449697558528,825,360
667886921285246976,1798,1028
667885044254572545,789,449
667878741721415682,380,113
667873844930215936,603,385
667866724293877760,2910,983
667861340749471744,234,74
667832474953625600,285,60
667806454573760512,1015,469
667801013445750784,315,93
667793409583771648,675,314
667782464991965184,399,236
667773195014021121,225,52
667766675769573376,421,204
667728196545200128,365,143
667724302356258817,462,306
667550904950915073,0,33
667550882905632768,0,32
667549055577362432,5534,2151
667546741521195010,325,116
667544320556335104,825,499
667538891197542400,196,62
667534815156183040,785,498
667530908589760512,447,225
667524857454854144,1620,1064
667517642048163840,351,182
667509364010450944,6505,2022
667502640335572993,519,212
667495797102141441,501,254
667491009379606528,508,212
667470559035432960,243,90
667455448082227200,183,56
667453023279554560,298,85
667443425659232256,751,548
667437278097252352,432,225
667435689202614272,296,82
667405339315146752,448,213
667393430834667520,186,52
667369227918143488,351,153
667211855547486208,467,227
667200525029539841,591,248
667192066997374976,367,94
667188689915760640,713,380
667182792070062081,13667,5859
667177989038297088,184,51
667176164155375616,583,435
667174963120574464,234,74
667171260800061440,211,79
667165590075940865,2572,1072
667160273090932737,248,60
667152164079423490,45601,16071
667138269671505920,4373,2073
667119796878725120,318,123
667090893657276420,317,118
667073648344346624,380,113
667070482143944705,80,14
667065535570550784,161,42
667062181243039745,209,49
667044094246576128,176,47
667012601033924608,427,211
666996132027977728,232,84
666983947667116034,2441,928
666837028449972224,768,525
666835007768551424,201,77
666826780179869698,243,88
666817836334096384,491,236
666804364988780544,221,85
666786068205871104,718,461
666781792255496192,367,179
666776908487630848,330,161
666739327293083650,222,62
666701168228331520,408,206
666691418707132416,175,45
666649482315059201,1061,583
666644823164719104,220,76
666454714377183233,490,199
666447344410484738,98,18
666437273139982337,116,42
666435652385423360,158,48
666430724426358785,300,177
666428276349472768,156,77
666421158376562688,301,106
666418789513326592,115,42
666411507551481857,412,299
666407126856765440,100,32
666396247373291520,157,75
666373753744588802,173,83
666362758909284353,726,519
666353288456101888,197,66
666345417576210432,274,128
666337882303524864,181,83
666293911632134144,467,319
666287406224695296,137,62
666273097616637952,161,71
666268910803644416,95,32
666104133288665088,13653,5990
666102155909144576,70,11
666099513787052032,142,60
666094000022159362,153,67
666082916733198337,103,41
666073100786774016,297,146
666071193221509120,136,53
666063827256086533,445,197
666058600524156928,105,54
666057090499244032,268,127
666055525042405380,409,221
666051853826850816,1127,777
666050758794694657,125,51
666049248165822465,96,39
666044226329800704,272,132
666033412701032449,112,41
666029285002620928,121,42
666020888022790149,2414,462
